99999999999999999999999999999999999999999999999999999999999999999999999999999999999999999999999
92222222222992300000000033333333333333333333333333333322222222222111111222222222222222222222229
92222222222992343333333050000000050000000000505000000322222222222111111222222222222222222222229
92222222222992303111113333333333433333333333343333330333333333333112222333333333333333333333339
92222222222992303111112222222223031111111111303222230500000000003112222300000000500000000000039
92222222222992303333333333333333031111111111303299234333333333303112222303333333343033333333039
93333333332992305000000050500005033333333333343299230311111111303111111303111111303031111113039
93111113032222343333333334333333050000505000503222230311111111303111111303111111303031111113039
93111113032222303111111130322223433333343333333333330333333333343333333303333333303433333333039
93333333432222303111111130322223032222303112222221130500000000505000000005000000500050000005039
90500005032222303112221130311113031111303111111111130303333333343333333343333333343433333333439
90333333432222303112221130311113031111303111111111130343112211303111111303111111303031111113039
90311113032222303112221130333333433333343333333333330003112211303111111303111111303031111113039
90311113032222303112221130000000050000505000000503133303111111303333333343333322343433333113039
90333333432222303333333333333433333333333303333303111303111111300000005000000322303050003113039
90500005032222303111111111113031111111111303111343333343333333333333333033330311303333303113039
90333333432222303111111111113031111111111303111300000500000003999999993031130311303211303223039
90322223033333343333333333333032222222222303222303333333333303922222293031130311303211303223039
90322223050000500500000000000032222222222303222303112222211303929999293031130311303211303223039
90322223033333334333333333333031122211111303111303111111111303929229293031130311303211303223039
90322223032222230311113111113031122211111303111303111111111303929222293031130311303211303223039
90322223032222230311113111113031122211333343333343333332222303929999993433330311303333343113039
90322223032222230333333333333431111211300005000500000032222303333333333005000322303000003113039
90322223032222230311221130005031111211303333333333333031111300005000005003333322303433333113039
90322223032999230311221130333033311211303111122211113031111333343333333303111111303031111113039
90333333432999230311221130313000311211303111122211113031122211303111111303111111303031111113039
90005005032999230311221130313330311211303112222222113031122211303111111343333333343033333333039
99903333432999230311221130311130311211303222929992223031111111303116666305000000500050000000039
99903113032222230311221130312130333333303112929292113031111111303116611303333333303433333333439
99903113033333334333333330312130000050003112922292113433333333343116611303112211303031122113039
99903113050000050500005000312133333334333112999992113050000000003111111303112211303031122113039
99903113433333334333343333312111111130322112222222113433333333343111111303112211303031122113039
99903113031111130311303111112222222130322111221221113031111111303333333343333333343033333333039
99903333031111130311303111112111111130322111221221113031111111305000000505000000500050000000039
90005000032222230311343333333333333334333333333333333033333333303333333343333333333333333333339
90333333331111130311305000005050000050500505005000005000000000503111111303112211222221122112229
90311122231111130311343333333433333334333343333433333333333333343111111303112211222221122112229
90311133333333330311303112113031111130399303113031111111111111303112211303112211222221122112229
90322230000000000311303112113031111130399303113031111111111111303112211303112211222221122112229
90322230333333333311303112113033331130399303113031122222222222303333333303333333333333333333339
90311130311111111111303111113000031130399303113031129922222992300050000500000000503050000000039
90311130311111111111303111113333031130399303113031129922222992333330333343333333343033333333039
90333334333333333333343333333333433334333343113031122222222222221130311303111111303031111113039
90500050500000000050505000050000000050500503113031111111111222221130311303111111303031111113039
90333334333333333334333333333333333334333343113031111111111222221130311303112211303031122113039
90311130311111111130311111121111112230311303333433333333333333333334333303112211303031122113039
90311130311111111130311111121111112230311305000050000050000000050000000003112211303031122113039
90321130311222222230311333333333112230311333333333333334333333330333333343333333343033333333039
90321130311222222230311300050003112230311111111111222230311111130311111300000000005000000005039
90311130311111111130311303333303111130311111111111222230311111130311111303333330333333333333039
90311130311111111130311303222303111130322233333222222230333333330333333303333334323333333333439
90333334333333333334333303222303333334322233333332222230500000000500000505000000323050000000039
90000000000000000050333343333343333330333300000033333333333333333330333333333333323033333333039
90333334333333333330500000050005000050500503333031111111111222221130311303111111323032222223039
90311130311111111134333333333333333334333343113031111111111222221130311303111111323031122113039
90311130311111111130311111222111112230311303333433333333333333333334333303112211323031122113039
90321130311222222230311111222111112230311305000000005000000000050000000503112211323031122113039
90321130311222222230311333333333112230311333333333343334333333334333333343333333333433333333439
90321130311222222230311300050003112230311111111111303230311111130311111300000050000000000000039
90311130311111111130311303333303111130311111111111303230311111130311111303333330333033333343339
90311130311111111130311303222303111130322233333222303230333333334333333343333334323033333303229
90333334333333333334333343333343333334333333333333343330500000050500000505000050323050000003229
90000000000000000000000000000000000000000000000000000000333333333333333333333333323333333333229
99999999999999999999999999999999999999999999999999999999999999999999999999999999999999999999999